%YAML:1.0

################################################################################
# Created by: Unkown                                                           #
# Created on: 2025-06-06T18:09:52.280830                                       #
################################################################################

# General sensor definitions
camera_id: left_cam

# Sensor extrinsics wrt. the body-frame
T_BS:
  cols: 4
  rows: 4
  data:  [0.99998699,  0.00266813, -0.00434783, -0.00661280,
          0.00263403, -0.99996588, -0.00782956,  0.01859765,
         -0.00436857,  0.00781801, -0.99995990, -0.01080265,
          0.00000000,  0.00000000,  0.00000000,  1.00000000]

# Camera specific definitions
rate_hz: 20
resolution: [640, 480]  # [width, height]
camera_model: pinhole
intrinsics: [458.28862833591944, 458.2279556344658, 322.17703101300447, 227.90169826960027]  # [fu, fv, cu, cv]
distortion_model: radtan
distortion_coefficients: [-0.00027314,  0.01751211, -0.00167015, -0.00079437]  # model dependent