%YAML:1.0

################################################################################
# Created by: Unkown                                                           #
# Created on: 2025-06-06T10:30:12.397012                                       #
################################################################################

# General sensor definitions
camera_id: right_cam

# Sensor extrinsics wrt. the body-frame
T_BS:
  cols: 4
  rows: 4
  data:  [0.01221282, -0.99971485,  0.02051989, -0.01302138,
          0.99971924,  0.01262445,  0.02005159,  0.04447057,
         -0.02030493,  0.02026925,  0.99958835, -0.00167122,
          0.00000000,  0.00000000,  0.00000000,  1.00000000]

# Camera specific definitions
rate_hz: 20
resolution: [752, 480]  # [width, height]
camera_model: pinhole
intrinsics: [459.50900845740216, 459.30577383085074, 377.5346517111982, 251.78880028722787]  # [fu, fv, cu, cv]
distortion_model: radtan
distortion_coefficients: [-0.29361931,  0.08360486,  0.00049591, -0.00006537]  # model dependent