%YAML:1.0
# General sensor definitions.
camera_id: right_cam

# Sensor extrinsics wrt. the body-frame.
T_BS:
  cols: 4
  rows: 4
  data: [ 9.99951601e-01, 9.40638781e-03, -2.88757053e-03, 0.0750437069,
         -9.41686053e-03, 9.99949038e-01, -3.63496621e-03, 3.53869027e-05,
         2.85323150e-03, 3.66198202e-03, 9.99989212e-01, -9.05186012e-04,
         0.0, 0.0, 0.0, 1.0]

# Camera specific definitions.
rate_hz: 20
resolution: [640, 480]
camera_model: pinhole
intrinsics: [454.0228576660156, 454.0163879394531, 305.2855224609375, 228.67990112304688] #fu, fv, cu, cv
distortion_model: radial-tangential
distortion_coefficients: [-8.425745964050293, 22.443326950073242, 0.0018255730392411351, -0.00019740407878998667, -13.339553833007812, -8.428815841674805, 22.461153030395508, -13.370655059814453]
