%YAML:1.0
# General sensor definitions.
camera_id: left_cam

# Sensor extrinsics wrt. the body-frame.
T_BS:
  cols: 4
  rows: 4
  data: [0, 0, 1, 0.002,
        -1, 0, 0, 0.006,
         0, -1, 0, 0.006,
         0, 0, 0, 1]

# Camera specific definitions.
rate_hz: 20
resolution: [640, 480]
camera_model: pinhole
intrinsics: [453.79315185546875, 453.7442626953125, 327.8521728515625, 239.9373016357422] #fu, fv, cu, cv
distortion_model: radial-tangential
distortion_coefficients: [ -6.0226240158081055, 11.540379524230957, 3.0429857361014e-05, 0.0012008296325802803, -5.511290550231934]

