%YAML:1.0
# General sensor definitions.
camera_id: right_cam

# Sensor extrinsics wrt. the body-frame.
T_BS:
  cols: 4
  rows: 4
  data: [ 0, 0, 1, 0.002,
         -1, 0, 0, -0.069,
          0, -1, 0, 0.006,
          0, 0, 0, 1 ]

# Camera specific definitions.
rate_hz: 20
resolution: [640, 480]
camera_model: pinhole
intrinsics: [454.0228576660156, 454.0163879394531, 305.2855224609375, 228.67990112304688] #fu, fv, cu, cv
distortion_model: radial-tangential
distortion_coefficients: [-8.425745964050293, 22.443326950073242, 0.0018255730392411351, -0.00019740407878998667, -13.339553833007812]
