%YAML:1.0
# General sensor definitions.
camera_id: right_cam

# Sensor extrinsics wrt. the body-frame.
# T_BS:
#   cols: 4
#   rows: 4
#   data: [ 0, 0, 1, 0.002,
#          -1, 0, 0, -0.069,
#           0, -1, 0, 0.006,
#           0, 0, 0, 1 ]

# Sensor extrinsics wrt. the body-frame.
# use T_cam_imu from oakdlite_checkerboard_9x6-camchain-imucam.yaml (Assumed the imu to be the body frame ref, otherwise adjust T_BS in ImuParams.yaml
T_BS:
  cols: 4
  rows: 4
  data: [0.9999329406639355, -0.006121738043170092, -0.009830488212971469, -0.069459478948699 ,
        0.0060552239411596365, 0.9999586707345798, -0.006781672784397942, 0.009833732192984753,
        0.009871597550395485, 0.006721692202343141, 0.9999286826647888, 0.002269592238941879,
        0.0, 0.0, 0.0, 1.0]
# Camera specific definitions.
rate_hz: 20
resolution: [640, 480]
camera_model: pinhole # same as in kalibr
intrinsics: [450.2132015347532, 450.0289453109922, 300.96229294161867, 236.83889512602613] #fu, fv, cu, cv,  from kalibr oakdlite_checkerboard_9x6-camchain-imucam.yaml
# intrinsics: [454.0228576660156, 454.0163879394531, 305.2855224609375, 228.67990112304688] #fu, fv, cu, cv
distortion_model: radial-tangential # noted radtan in kalibr
# distortion_coefficients: [-8.425745964050293, 22.443326950073242, 0.0018255730392411351, -0.00019740407878998667, -13.339553833007812]
distortion_coefficients: [0.01933365038927064, -0.01680845712078648, 0.0008060374213225523, -0.0010845845371338573] # noted distortion_coeffs in kalibr
