%YAML:1.0

################################################################################
# Created by: Unkown                                                           #
# Created on: 2025-06-06T11:28:28.799578                                       #
################################################################################

# General sensor definitions
camera_id: left_cam

# Sensor extrinsics wrt. the body-frame
T_BS:
  cols: 4
  rows: 4
  data:  [0.99998831,  0.00405331, -0.00263588, -0.00535876,
         -0.00402320,  0.99992772,  0.01133019, -0.00990439,
          0.00268161, -0.01131946,  0.99993234, -0.00235022,
          0.00000000,  0.00000000,  0.00000000,  1.00000000]

# Camera specific definitions
rate_hz: 20
resolution: [640, 480]  # [width, height]
camera_model: pinhole
intrinsics: [454.64782695657937, 454.306093673901, 321.2606951863075, 232.1834414638979]  # [fu, fv, cu, cv]
distortion_model: radtan
distortion_coefficients: [0.00832868, -0.00625060,  0.00116084, -0.00155626]  # model dependent