%YAML:1.0

################################################################################
# Created by: Unkown                                                           #
# Created on: 2025-06-06T11:28:28.799578                                       #
################################################################################

# General sensor definitions
camera_id: right_cam

# Sensor extrinsics wrt. the body-frame
T_BS:
  cols: 4
  rows: 4
  data:  [0.99993294,  0.00605522,  0.00987160,  0.06937287,
         -0.00612174,  0.99995867,  0.00672169, -0.01027379,
         -0.00983049, -0.00678167,  0.99992868, -0.00288556,
          0.00000000,  0.00000000,  0.00000000,  1.00000000]

# Camera specific definitions
rate_hz: 20
resolution: [640, 480]  # [width, height]
camera_model: pinhole
intrinsics: [450.2132015347532, 450.0289453109922, 300.96229294161867, 236.83889512602613]  # [fu, fv, cu, cv]
distortion_model: radtan
distortion_coefficients: [0.01933365, -0.01680846,  0.00080604, -0.00108458]  # model dependent